100  5592399 5178139 3378115
200  19588736 19009599 9060586
300  90738254 97180406 39595447
400  195942218 195151129 92204620
500  399072459 398468654 196702065
600  1435995097 1463116817 569620480
700  2767999798 2697058794 1025772662
800  4253399487 4225540808 1557856414
900  6298148195 6197690423 2475022499
1000  8608836647 8465814450 3339191863






new

Even
 size    standart     winogr    winogr_impr
  100       2624015      2352466      1442391
  200      18309574     17592260      8216238
  300      94243835     97329234     39212660
  400     203055205    195874627     90090148
  500     384586749    380355511    182114068
  600     853423756    845874012    350549718
  700    1465366492   1458222953    571319439
  800    2214779235   2218141025    878921557
  900    3169430254   3194269359   1320343079
 1000    5408123534   5681371714   2178880909

Odd
 size    standart     winogr    winogr_impr
  101       2450216      2117875      1282769
  201      17484261     16516154      8104820
  301      86309170     86421290     42363337
  401     202229444    201723831     91739390
  501     394018171    392622424    185090528
  601     929687017    905755012    403758301
  701    1491220732   1513729357    642476492
  801    2252093289   2240775848    981473210
  901    3299226606   3301269706   1439063256
 1001    4976779808   5156587970   2041547482